1.)  A1 A0   B1 B0   A<=B
	 0  0    0  0     1
	 0  0    0  1     1
	 0  0    1  0     1
	 0  0    1  1     1
	 0  1    0  0     0		
	 0  1    0  1     1
	 0  1    1  0     1
	 0  1    1  1     1
	 1  0    0  0     0		
	 1  0    0  1     0		
	 1  0    1  0     1
	 1  0    1  1     1
	 1  1    0  0     0		
	 1  1    0  1     0		
	 1  1    1  0     0		
	 1  1    1  1     1
2.) 
	A1 A0   B1 B0   A<=B	Logic Expression
	 0  0    0  0     1		A1'*A0' * B1'*B0'
	 0  0    0  1     1		A1'*A0' * B1'*B0
	 0  0    1  0     1		A1'*A0' * B1*B0'
	 0  0    1  1     1		A1'*A0' * B1*B0
	 0  1    0  0     0		
	 0  1    0  1     1		A1'*A0 * B1'*B0
	 0  1    1  0     1		A1'*A0 * B1*B0'
	 0  1    1  1     1		A1'*A0 * B1*B0
	 1  0    0  0     0		
	 1  0    0  1     0		
	 1  0    1  0     1		A1*A0' * B1*B0'
	 1  0    1  1     1		A1*A0' * B1*B0
	 1  1    0  0     0		
	 1  1    0  1     0		
	 1  1    1  0     0		
	 1  1    1  1     1		A1*A0 * B1*B0 

3.)  x    y    z	Majority	x    y    Majority
	 0    0    0	  0			0    0		0
	 0    0    1      0			0    1		z
	 0    1    0	  0			1    0		z
	 0    1    1	  1			1    1		1
	 1    0    0	  0
	 1    0    1	  1
	 1    1    0	  1
	 1    1    1	  1

4.)
	 x    y    z	Minority
	 0    0    0	  1			
	 0    0    1      1			
	 0    1    0	  1			
	 0    1    1	  0			
	 1    0    0	  1
	 1    0    1	  0
	 1    1    0	  0
	 1    1    1	  0
	
5.)
	 x    y    z	Minority
	 0    0    0	  1			x'*y'*z'
	 0    0    1      1			x'*y'*z
	 0    1    0	  1			x'*y*z'
	 0    1    1	  0			
	 1    0    0	  1			x*y'*z'
	 1    0    1	  0
	 1    1    0	  0
	 1    1    1	  0

6.) Carry   1 1 1 1
       	   --------------
	First     1 1 1 1 0 0
	Second      1 1 1 1 1
		   --------------
	Sum     1 0 1 1 0 1 1
	
7.) Carry   1 1 1
		   ----------------
	First     1 0 1 1 0 1 1
	Second    1 1 1 0 1 0 0
		   ----------------
	Sum     1 1 0 0 1 1 1 1
	
8.)Carry  1 1 1 1 1   1 1 1
	       ------------------
	First   1 0 1 1 1 0 1 0 1
	Second  1 1 1 0 1 0 0 1 1
		   ------------------
	Sum     1 0 1 0 0 1 0 0 0
	
9.) Carry
		   -------------------
	First   0 0 0 1 1 0 1 0 0
	Second  1 0 1 0 0 1 0 0 0
		   -------------------
	Sum	    1 0 1 1 1 1 1 0 0